TFIDF:
TP;FN;FP;TN: 14;0;16;51542
precision:	0.466666666667
recall:	1.0
f1:	0.636363636364

Graph of order 2: 
TP;FN;FP;TN: 12;2;16;51542
precision:	0.428571428571
recall:	0.857142857143
f1:	0.571428571429

Graph of order 3: 
TP;FN;FP;TN: 12;2;11;51547
precision:	0.521739130435
recall:	0.857142857143
f1:	0.648648648649

Graph of order 5: 
TP;FN;FP;TN: 12;2;19;51539
precision:	0.387096774194
recall:	0.857142857143
f1:	0.533333333333

