TFIDF: 
TP;FN;FP;TN: 33;97;45;412401
precision:	0.423076923077
recall:	0.253846153846
f1:	0.317307692308

Graph of order 2: 
TP;FN;FP;TN: 36;94;39;412407
precision:	0.48
recall:	0.276923076923
f1:	0.351219512195

Graph of order 3: 
TP;FN;FP;TN: 33;97;21;412425
precision:	0.611111111111
recall:	0.253846153846
f1:	0.358695652174

Graph of order 5: 
TP;FN;FP;TN: 36;94;45;412401
precision:	0.444444444444
recall:	0.276923076923
f1:	0.341232227488

